[[0.543606  0.7289313 0.4161148]]
[[0.48687333 0.7421248  0.46065733]]
[[0.60584503 0.71794534 0.34279197]]
[[0.6619144 0.702365  0.2618259]]
[[0.52456665 0.71409065 0.46357796]]
[[0.5441413  0.72752357 0.41787535]]
[[0.74200034 0.63871974 0.20364822]]
[[0.7471906  0.6425614  0.16976744]]
[[0.37224603 0.7582704  0.53521866]]
[[0.3340389  0.76217145 0.5545384 ]]
[[0.36662117 0.7577219  0.539858  ]]
[[0.3772974 0.7680771 0.5174015]]
[[0.36711612 0.75668764 0.5409709 ]]
[[0.35680145 0.7548887  0.5503052 ]]
[[0.34742567 0.752589   0.55937934]]
[[0.3370901 0.749997  0.5690999]]
[[0.33893517 0.7544035  0.5621374 ]]
[[0.35052514 0.7416895  0.5718643 ]]
[[0.34040782 0.74718875 0.5708165 ]]
[[0.4506885  0.8002583  0.39555854]]
[[0.50005877 0.7931782  0.34757662]]
[[0.36717024 0.75650984 0.5411829 ]]
[[0.3566595  0.7402822  0.56989133]]
[[0.4397472  0.7814085  0.44274488]]
[[0.3664654  0.7494557  0.55137944]]
[[0.39687657 0.744205   0.53725964]]
[[0.36640462 0.7575326  0.5402704 ]]
[[0.37151822 0.75788003 0.53627616]]
[[0.31383705 0.7335187  0.60287374]]
[[0.4162324  0.7291778  0.54318553]]
[[0.40712255 0.7795965  0.47589973]]
[[0.5710543  0.77393925 0.27370584]]
[[0.5660064  0.775337   0.28015974]]
[[0.47610158 0.75129884 0.457031  ]]
[[0.39526963 0.75956947 0.51654255]]
[[0.5653749  0.78002334 0.2681697 ]]
[[0.34326875 0.76131856 0.5500551 ]]
[[0.6041311  0.7606415  0.23759215]]
[[0.58374226 0.77890104 0.22925554]]
[[0.35852042 0.7538353  0.5506318 ]]
[[0.3500134  0.74814326 0.563713  ]]
[[0.35629866 0.77226394 0.5259846 ]]
[[0.34339488 0.7455546  0.57116395]]
[[0.35074416 0.7517044  0.5584972 ]]
[[0.32988325 0.73861176 0.5879029 ]]
[[0.3266043  0.7383844  0.59001535]]
[[0.34353694 0.74818516 0.56762785]]
[[0.32722178 0.73799235 0.59016377]]
[[0.35953638 0.7532944  0.55070966]]
[[0.33590826 0.7419971  0.5801775 ]]
[[0.5943133  0.7724143  0.22398163]]
[[0.36293203 0.7528861  0.54903823]]
[[0.35850057 0.7574165  0.5457084 ]]
[[0.39167675 0.76515275 0.5110094 ]]
[[0.3847221  0.78078353 0.49230686]]
[[0.54693013 0.78550255 0.28957418]]
